3,127
4,127
1,128
2,128
5,129
6,129
9,130
7,131
8,131
10,131
14,132
19,132
11,133
12,133
13,133
15,133
16,133
17,133
18,133
20,133
21,134
22,135
29,136
23,137
24,137
30,138
31,138
26,139
27,139
25,140
28,140
34,141
32,142
33,142
35,142
38,143
36,144
37,144
40,145
39,146
46,147
50,147
47,147
49,147
41,148
42,148
43,148
44,148
45,148
48,148
51,148
52,148
53,149
54,150
55,151
57,152
59,153
60,154
58,155
56,156
61,157
63,158
62,158
67,158
66,158
72,159
81,159
73,159
82,159
74,159
83,159
75,159
84,159
76,159
85,159
78,159
87,159
65,160
69,160
64,160
68,160
70,161
79,161
71,161
80,161
77,161
86,161
88,162
89,163
90,164
92,164
91,165
93,165
94,166
95,167
96,168
102,169
99,170
100,171
104,172
103,173
97,174
98,175
101,176
109,177
105,178
106,178
107,178
108,178
110,178
111,178
112,178
113,178
117,179
119,179
114,180
116,180
118,180
115,181
122,182
126,182
120,183
121,183
123,184
124,185
125,186
127,187
128,188
129,188
130,189
131,190
132,191
133,192
134,193
135,194
136,195
137,195
138,196
139,196
140,196
141,197
142,198
143,199
144,200
145,201
146,202
147,203
148,204
149,205
150,206
151,207
152,207
153,208
154,208
155,209
156,209
157,210
158,211
159,211
160,212
161,212
162,213
163,214
164,215
165,216
166,217
167,218
168,218
169,219
170,219
171,220
172,220
173,220
174,221
175,221
176,222
177,223
178,224
179,225
180,226
181,227
182,228
183,229
184,230
185,231
186,231