1,4841
2,4848
3,4804
4,3984
5,3961
6,4791
7,5310
8,4177
9,5059
10,5392
11,4585
12,4903
13,4012
14,3953
15,4064
16,5096
17,4088
18,4798
19,4087
20,4140
21,4262
22,4836
23,4252
24,4402
25,3998
26,5088
27,4899
28,4855
29,5172
30,4767
31,4644
32,5413
33,4254
34,4901
35,5160
36,4284
37,4788
38,4960
39,4215
40,5280
41,4432
42,5216
43,5267
44,4070
45,5229
46,4825
47,4345
48,4439
49,4699
50,4803
51,5004
52,4433
53,4841
54,5136
55,4397
56,4141
57,5169
58,4326
59,4997
60,4066
61,4128
62,4965
63,4827
64,4862
65,5066
66,4959
67,3959
68,4060
69,4992
70,4146
71,4041
72,4805
73,4263
74,4311
75,4131
76,5017
77,4426
78,4027
79,3995
80,4758
81,5052
82,4283
83,4243
84,4698
85,4287
86,4981
87,4531
88,4935
89,5045
90,4492
91,4055
92,4247
93,4585
94,4659
95,4047
96,4518
97,4580
98,4064
99,4934
100,4905
101,4098
102,3971
103,4498
104,5213
105,4303
106,4817
107,4776
108,4795
109,4748
110,5322
111,4053
112,5023
113,4762
114,5330
115,5053
116,5026
117,3941
118,5407
119,5262
120,4539
121,3992
122,5356
123,5126
124,5265
125,4321
126,5391
127,4438
128,5225
129,4726
130,4778
131,4408
132,4575
133,4862
134,4184
135,4685
136,4480
137,5226
138,4497
139,5405
140,4490
141,4954
142,4047
143,4752
144,3982
145,5372
146,5108
147,5173
148,5003
149,4558
150,5250
151,4170
152,5236
153,4451
154,4193
155,4096
156,4596
157,5390
158,4153
159,5015
160,5039
161,4440
162,4672
163,4360
164,3940
165,5238
166,5289
167,4775
168,4729
169,5267
170,5336
171,4364
172,4265
173,3946
174,5204
175,3940
176,4336
177,5224
178,5153
179,5055
180,5150
181,5156
182,4408
183,4038
184,4627
185,4823
186,5225
187,4046
188,4169
189,4197
190,4160
191,4434
192,4890
193,4541
194,4129
195,4258
196,4053
197,4742
198,4911
199,4556
200,4166
201,4721
202,4535
203,4884
204,5300
205,5148
206,3932
207,3956
208,5234
209,4958
210,4095
211,4007
212,5357
213,4593
214,4652
215,4173
216,5095
217,4198
218,5319
219,5031
220,5177
221,4061
222,4517
223,5346
224,5242
225,4597
226,4933
227,5101
228,5320
229,5203
230,3982
231,4709
232,5176
233,4387
234,4471
235,4834
236,4716
237,4735
238,4392
239,4715
240,4829
241,5109
242,4665
243,5090
244,4702
245,4790
246,3984
247,5001
248,4477
249,4659
250,4987
251,3980
252,4558
253,4929
254,5078
255,4391
256,4473
257,4446
258,4826
259,4343
260,4751
261,4433
262,4227
263,4771
264,4832
265,4127
266,4224
267,5299
268,5289
269,5374
270,4394
271,4273
272,4941
273,4355
274,5167
275,4837
276,4870
277,4180
278,4218
279,3934
280,4293
281,4609
282,4583
283,4855
284,4518
285,4223
286,4562
287,4600
288,4079
289,4657
290,3953
291,4700
292,4567
293,4808
294,4512
295,4843
296,3957
297,4276
298,4807
299,4824
300,4174
301,4133
302,4233
303,4718
304,5293
305,4209
306,4265
307,4021
308,4407
309,4988
310,4408
311,5182
312,4921
313,4474
314,4151
315,4002
316,4326
317,4458
318,4324
319,4708
320,4309
321,5344
322,4225
323,4507
324,5027
325,4428
326,4893
327,4412
328,4866
329,5173
330,4384
331,5227
332,4156
333,4984
334,4305
335,4132
336,5299
337,4298
338,5237
339,4053
340,4639
341,5171
342,4854
343,4223
344,4196
345,5423
346,5260
347,4001
348,5299
349,5216
350,4063
351,4175
352,5050
353,4178
354,4266
355,4836
356,4384
357,4230
358,4167
359,4403
360,4594
361,4292
362,4689
363,4815
364,5257
365,4777
366,4614
367,4723
368,4999
369,4324
370,5209
371,4479
372,4543
373,3996
374,5245
375,3999
376,4841
377,5380
378,5428
379,4430
380,5257
381,5021
382,4085
383,4258
384,4503
385,5237
386,5131
387,3960
388,4806
389,5104
390,4066
391,4793
392,5115
393,5313
394,4715
395,3972
396,4569
397,4289
398,5305
399,4833
400,4606
401,4014
402,4513
403,5036
404,5401
405,5118
406,5409
407,4418
408,4594
409,4337
410,4682
411,4546
412,4252
413,4288
414,5270
415,4909
416,4074
417,4526
418,5057
419,4147
420,5076
421,4810
422,4102
423,4104
424,4091
425,5431
426,4560
427,4458
428,4669
429,4760
430,4562
431,5409
432,5058
433,3968
434,4099
435,4073
436,4328
437,5004
438,4188
439,4575
440,4975
441,4375
442,5041
443,4157
444,4786
445,4995
446,4229
447,4102
448,4578
449,5233
450,4553
451,4840
452,4288
453,5107
454,4610
455,5082
456,5187
457,4791
458,4491
459,4598
460,5043
461,4347
462,4427
463,5354
464,4900
465,4083
466,5428
467,4254
468,4951
469,4675
470,4096
471,4590
472,4492
473,5366
474,4065
475,5294
476,5364
477,4186
478,4407
479,5369
480,4528
481,4480
482,5048
483,5303
484,4017
485,4239
486,4672
487,4656
488,4912
489,4120
490,4233
491,4078
492,4547
493,4493
494,5433
495,4522
496,4358
497,5240
498,5358
499,4290
500,5116
501,4933
502,5309
503,4889
504,5083
505,4639
506,4233
507,4683
508,4682
509,5045
510,5254
511,4787
512,4783
513,3975
514,4832
515,4752
516,4930
517,3969
518,4823
519,4386
520,4800
521,5009
522,3998
523,3994
524,4564
525,3939
526,4237
527,5406
528,4997
529,4304
530,4901
531,4566
532,4895
533,4546
534,5014
535,4460
536,4142
537,3967
538,4709
539,5161
540,4979
541,5426
542,4395
543,4162
544,4539
545,5292
546,4568
547,5318
548,4844
549,3984
550,5207
551,5085
552,4244
553,4337
554,4411
555,4218
556,5127
557,5263
558,4615
559,4590
560,5418
561,4495
562,3967
563,4574
564,3933
565,4473
566,4033
567,4513
568,4808
569,4694
570,4447
571,4137
572,4966
573,4604
574,4642
575,4428
576,4371
577,4550
578,4586
579,4379
580,5423
581,3992
582,5292
583,4234
584,4309
585,5432
586,4767
587,5019
588,4792
589,4074
590,4695
591,4139
592,5126
593,5290
594,4163
595,4221
596,4602
597,4312
598,4749
599,4848
600,5276
601,4951
602,4160
603,4411
604,4826
605,4441
606,3958
607,5181
608,5093
609,4177
610,4750
611,3989
612,4093
613,4928
614,4023
615,4643
616,5342
617,4820
618,4915
619,4571
620,4875
621,4257
622,4574
623,3958
624,4688
625,4671
626,4389
627,5314
628,5104
629,4310
630,5295
631,4535
632,4615
633,4532
634,4340
635,4033
636,4955
637,4478
638,4781
639,5043
640,4914
641,5361
642,4192
643,4463
644,4996
645,5415
646,4078
647,4349
648,5335
649,4701
650,4773
651,4402
652,4995
653,5266
654,4131
655,4048
656,4245
657,5407
658,4071
659,4080
660,4396
661,4566
662,4400
663,5121
664,4697
665,4559
666,4086
667,4119
668,5179
669,4319
670,4254
671,4361
672,5238
673,4854
674,4895
675,5382
676,5347
677,4725
678,4047
679,4969
680,4977
681,4949
682,4979
683,4954
684,4390
685,4192
686,5380
687,4933
688,4270
689,5112
690,5086
691,4565
692,4713
693,4687
694,5084
695,4877
696,4423
697,5360
698,5079
699,5345
700,4241
701,4464
702,4654
703,4631
704,4765
705,4464
706,5410
707,4479
708,5376
709,4775
710,4640
711,5238
712,4488
713,4743
714,5098
715,4843
716,4630
717,5284
718,4561
719,4486
720,4656
721,4208
722,4299
723,3928
724,4529
725,5358
726,5431
727,4426
728,4009
729,4280
730,5341
731,4259
732,4173
733,4849
734,4222
735,4280
736,4879
737,4263
738,3991
739,5072
740,5013
741,4594
742,4820
743,4704
744,4392
745,5144
746,4621
747,5122
748,4937
749,5184
750,4797
751,5236
752,5391
753,4411
754,4310
755,4673
756,4926
757,5284
758,4380
759,5415
760,5130
761,4375
762,5286
763,5350
764,4146
765,4020
766,4180
767,4817
768,4395
769,4591
770,5393
771,4663
772,5207
773,5194
774,4856
775,4522
776,4916
777,5159
778,5186
779,5270
780,5185
781,4753
782,4907
783,5119
784,5373
785,4221
786,4978
787,5278
788,5091
789,4147
790,5051
791,4800
792,5381
793,4914
794,4207
795,4816
796,4872
797,4692
798,4172
799,3954
800,4576
801,4170
802,5135
803,5201
804,5372
805,4111
806,4813
807,5009
808,4195
809,4982
810,4410
811,4967
812,5363
813,4648
814,5153
815,4751
816,5180
817,4114
818,5158
819,4987
820,4137
821,4209
822,5314
823,4393
824,4663
825,4529
826,5048
827,5027
828,4745
829,4928
830,4227
831,4919
832,4076
833,4027
834,4487
835,5016
836,4340
837,5162
838,4632
839,5033
840,4814
841,4538
842,4947
843,5184
844,4571
845,4822
846,4621
847,5238
848,4127
849,4724
850,5226
851,3951
852,4654
853,4616
854,5278
855,3974
856,4260
857,4124
858,4509
859,4992
860,5264
861,4722
862,5357
863,4955
864,5068
865,5094
866,4408
867,5185
868,4783
869,4285
870,5369
871,4414
872,4151
873,5354
874,4133
875,4976
876,5317
877,5307
878,3964
879,4961
880,4066
881,5226
882,4685
883,5039
884,4297
885,5176
886,5342
887,4738
888,4603
889,4780
890,5277
891,4620
892,5073
893,4417
894,3926
895,5113
896,4123
897,5323
898,4146
899,4097
900,5229
901,4308
902,4298
903,4003
904,5075
905,5175
906,5164
907,3924
908,4317
909,4246
910,4464
911,4915
912,5233
913,4081
914,4030
915,5209
916,4407
917,5111
918,4138
919,4658
920,4481
921,4151
922,5043
923,4959
924,4193
925,5249
926,5019
927,4424
928,5255
929,5048
930,4772
931,4308
932,4318
933,4346
934,3950
935,5291
936,5144
937,4085
938,4785
939,5177
941,4462
942,4215
943,4854
944,5147
945,4567
946,4489
947,4846
948,4529
949,4215
950,4925
951,4144
952,4901
953,4582
954,4938
955,5419
956,4260
957,4004
958,4480
959,4320
960,4855
961,4840
962,4232
963,4134
964,4087
965,3919
966,5397
967,4197
968,3920
969,4516
970,4489
971,5052
972,5179
973,5385
974,4318
975,4933
976,4095
977,4347
978,4415
979,3983
980,4431
981,5235
982,4838
983,5112
984,5172
985,5188
986,5351
987,4162
988,4677
989,5262
990,4338
991,4342
992,4202
993,4289
994,5366
995,4708
996,3937
997,4983
998,4197
999,4435
1000,5183
1001,5039
1002,5382
1003,4813
1004,4778
1005,4969
1006,4558
1007,4783
1008,4840
1009,4116
1010,4213
1011,3993
1012,4775
1013,4672
1014,4385
1015,5021
1016,4528
1017,4972
1018,4880
1019,3942
1020,4963
1021,4680
1022,4289
1023,4355
1024,4323
1025,4443
1026,5123
1027,5185
1028,4101
1029,4375
1030,5097
1031,4910
1032,5328
1033,4966
1034,4003
1035,5216
1036,3990
1037,5320
1038,5207
1039,4367
1040,5227
1041,4677
1042,5361
1043,4175
1044,5182
1045,4256
1046,4611
1047,4180
1048,4894
1049,4778
1050,4328
1051,4948
1052,4680
1053,4315
1054,4686
1055,4855
1056,5009
1057,4217
1058,4912
1059,4266
1060,5046
1061,4804
1062,4966
1063,4913
1064,4421
1065,4984
1066,4547
1067,5113
1068,4783
1069,4818
1070,3959
1071,5072
1072,4481
1073,4626
1074,4062
1075,5120
1076,4691
1077,4721
1078,5272
1079,4835
1080,4403
1081,5054
1082,4016
1083,5375
1084,5280
1085,4488
1086,4032
1087,4630
1088,5217
1089,4993
1090,4449
1091,4282
1092,4722
1093,4494
1094,4263
1095,4606
1096,4189
1097,4631
1098,4771
1099,4195
1100,4910
1101,4735
1102,5395
1103,4258
1104,5219
1105,4545
1106,5080
1107,4403
1108,4506
1109,5089
1110,5341
1111,4658
1112,4811
1113,5155
1114,4011
1115,4433
1116,4468
1117,4975
1118,4294
1119,4714
1120,4719
1121,4398
1122,4386
1123,4732
1124,4719
1125,5367
1126,4884
1127,4505
1128,4654
1129,5388
1130,4728
1131,4107
1132,4598
1133,5277
1134,4819
1135,4831
1136,4191
1137,4661
1138,3990
1139,4740
1140,5421
1141,4072
1142,4421
1143,4064
1144,4176
1145,5358
1146,4795
1147,4618
1148,5068
1149,4666
1150,5400
1151,4903
1152,4611
1153,4178
1154,4089
1155,4381
1156,4693
1157,4801
1158,4388
1159,4904
1160,4477
1161,4036
1162,4220
1163,5128
1165,4895
1166,4948
1167,5193
1168,4404
1169,4770
1170,4622
1171,4188
1172,4510
1173,5136
1174,3976
1175,4659
1176,4613
1177,5300
1178,4143
1179,4746
1180,4769
1181,3959
1182,4042
1183,4464
1184,4502
1185,4219
1186,4093
1187,4908
1188,4746
1189,4620
1190,4986
1191,5350
1192,4561
1193,3943
1194,5126
1195,4792
1196,5105
1197,4483
1198,4318
1199,4647
1200,5237
1201,5025
1202,4403
1203,4439
1204,4208
1205,5155
1206,5425
1207,4541
1208,4790
1209,4838
1210,4842
1211,5209
1212,3967
1213,4470
1214,4306
1215,4821
1216,4360
1217,4528
1218,5040
1219,4539
1220,4160
1221,4037
1222,4857
1223,4091
1224,4720
1225,4293
1226,5271
1227,4682
1228,4224
1229,5031
1230,4320
1231,3977
1232,4048
1233,4495
1234,4265
1235,3949
1236,4499
1237,4217
1238,4015
1239,5157
1240,4945
1241,4065
1242,4626
1243,5172
1244,5099
1245,5157
1246,4512
1247,4866
1248,4599
1249,4558
1250,4548
1251,4923
1252,4453
1253,4310
1254,3955
1255,5360
1256,4393
1257,4755
1258,4402
1259,4479
1262,3938
1263,4004
1264,4171
1265,4045
1266,4637
1267,4669
1268,4035
1269,4999
1270,5006
1272,4922
1274,5214
1275,4930
1276,4251
1277,4601
1278,4813
1279,4551
1280,4769
1281,5167
1282,5201
1283,4368
1284,4887
1285,5327
1286,5149
1287,4279
1288,5192
1289,4949
1290,3951
1291,5295
1292,4556
1293,5182
1294,5011
1295,5248
1296,4134
1297,4588
1298,4671
1300,3958
1301,4277
1302,4037
1303,4103
1304,4333
1307,4060
1308,3950
1309,4295
1310,5399
1311,4553
1312,4658
1313,4905
1314,5084
1315,4557
1316,4575
1317,5250
1318,4628
1319,5287
1320,5298
1321,5426
1322,5204
1323,4079
1324,4009
1325,4796
1326,5365
1327,5381
1328,5109
1329,4610
1330,4662
1331,4657
1332,4509
1333,5239
1334,4199
1335,4132
1336,4836
1337,3977
1338,4928
1339,4888
1340,5065
1341,4844
1342,4157
1343,4832
1344,4815
1345,5054
1346,5398
1347,4925
1348,5317
1349,5404
1350,4636
1351,4432
1352,4356
1353,4497
1354,3996
1355,5054
1356,4876
1357,4202
1358,4441
1359,4852
1360,4018
1361,4412
1362,4729
1363,4519
1364,4038
1365,4060
1366,4715
1367,4122
1368,4457
1369,5131
1370,4425
1371,5269
1372,4090
1373,4387
1374,4515
1375,5296
1376,4427
1377,5241
1378,4816
1379,4173
1380,4700
1381,5032
1382,4893
1383,5337
1384,4212
1385,5266
1386,5071
1387,4156
1388,4084
1389,4572
1390,4441
1391,4702
1392,4504
1393,4809
1394,5370
1395,5348
1396,4414
1397,3993
1398,4128
1399,4994
1400,4633
1401,4570
1402,5246
1403,4361
1404,4720
1405,4460
1406,4361
1407,5037
1408,4577
1409,4223
1410,4882
1411,4790
1412,5206
1413,4779
1414,4587
1415,4946
1416,4534
1417,5106
1418,4527
1419,4327
1420,5293
1421,4374
1422,5006
1423,4980
1424,4067
1425,4663
1426,3988
1427,4745
1428,4375
1429,4983
1430,4207
1431,4108
1432,4366
1433,5249
1434,4784
1435,4643
1436,5047
1437,4278
1438,5067
1439,4791
1440,4739
1441,4000
1442,4259
1443,5115
1444,4837
1445,4524
1446,5044
1447,4025
1448,4352
1449,5043
1450,5381
1451,5400
1452,4613
1453,4419
1454,4575
1455,5003
1456,4827
1457,4824
1458,4968
1459,4571
1460,5028
1461,5409
1462,5061
1463,4290
1464,5111
1465,4124
1466,5170
1467,5030
1468,5252
1469,4599
1470,4689
1471,4541
1472,4227
1473,4726
1474,4003
1475,4988
1476,5093
1477,4123
1478,5002
1479,4958
1480,5213
1481,4929
1482,4373
1483,4389
1484,5041
1485,5170
1486,4927
1487,4605
1488,4896
1489,4667
1490,5164
1491,5373
1492,4776
1493,4188
1494,5153
1495,5368
1496,4632
1497,4115
1498,4630
1499,4149
1500,4003
1501,5188
1502,4513
1503,4075
1504,4711
1505,4953
1506,4200
1507,4190
1508,5123
1509,4106
1510,4251
1511,4871
1512,5290
1513,5020
1514,4875
1515,5011
1516,4172
1517,5146
1518,4329
1519,4091
1520,5181
1521,4931
1522,5178
1523,4255
1524,5261
1525,4821
1526,4784
1527,5315
1528,3923
1529,5174
1530,4369
1531,4789
1532,4077
1533,4861
1534,4280
1535,4383
1536,4503
1537,4530
1538,4463
1540,3963
1541,5402
1542,5306
1543,5413
1544,5012
1545,4731
1546,5230
1547,5079
1548,4724
1549,4089
1550,5274
1551,4496
1552,4262
1553,4989
1554,4714
1555,5018
1556,5288
1557,4751
1558,4773
1559,5267
1560,5224
1561,4478
1562,5105
1563,3978
1564,4002
1565,5420
1566,4961
1567,5125
1568,4658
1569,5186
1570,4307
1571,5287
1572,4891
1573,4780
1574,5242
1575,4217
1576,4451
1577,5306
1578,5027
1579,4886
1580,5377
1581,4517
1582,3989
1583,5069
1584,5343
1585,4754
1586,4060
1587,4949
1588,5187
1589,5020
1590,4059
1591,4613
1592,5422
1593,4975
1594,4837
1595,4959
1596,4794
1597,4350
1598,5134
1599,4265
1600,4661
1601,4728
1602,4040
1603,4250
1604,4660
1605,5273
1606,5326
1607,5190
1608,5169
1609,4452
1610,4036
1611,5024
1612,4819
1613,5171
1614,4923
1615,4755
1616,4466
1617,4079
1618,4393
1619,4976
1620,5292
1621,4406
1622,4964
1623,4465
1624,4670
1625,5147
1626,4513
1627,4836
1628,5232
1629,4351
1630,4059
1631,5196
1632,5126
1633,4579
1634,3979
1635,4589
1636,4167
1638,5020
1639,4699
1640,5408
1642,4917
1643,5190
1644,4514
1645,4382
1646,4563
1647,4662
1648,4826
1649,4810
1650,5118
1651,4489
1652,4352
1653,4986
1654,4260
1655,4049
1656,4948
1657,4099
1658,4101
1659,5372
1660,4853
1661,3990
1662,5427
1663,4920
1664,4963
1665,4261
1666,4821
1667,5058
1668,3972
1669,4721
1670,4363
1671,3965
1672,5091
1673,4734
1674,4587
1675,5254
1676,5334
1677,4859
1678,4140
1679,4766
1680,4140
1681,5140
1682,4719
1683,4538
1684,4736
1685,5144
1686,4299
1687,4499
1688,4432
1689,5413
1690,4868
1692,5347
1693,4730
1694,5395
1695,4869
1696,4480
1697,4057
1698,3932
1699,4129
1700,4893
1701,4061
1702,4637
1703,4319
1704,4934
1705,4450
1706,4525
1707,4960
1708,4183
1709,4918
1710,4752
1711,4557
1712,4586
1713,4365
1714,5005
1716,4187
1717,4290
1718,4872
1719,4662
1720,4193
1721,4374
1722,4848
1723,5197
1724,4847
1725,5077
1726,4279
1727,4205
1728,5127
1729,4557
1730,5267
1731,5370
1732,4448
1733,3965
1734,4009
1735,4005
1736,5324
1737,4728
1738,5071
1739,4430
1740,5394
1741,4515
1742,4242
1743,4552
1744,3953
1745,5203
1746,4159
1747,4125
1748,4915
1749,3960
1750,4585
1751,4741
1752,4894
1753,4372
1754,4942
1755,4726
1756,4100
1757,5399
1758,4026
1759,4953
1760,5034
1761,4501
1762,5171
1763,4159
1764,4103
1765,4376
1766,4514
1767,4925
1768,4924
1769,4626
1770,4343
1772,4151
1773,4845
1774,4372
1775,5196
1776,4590
1777,3920
1778,5432
1779,4884
1780,5147
1781,4808
1782,4767
1783,4900
1784,4037
1785,5211
1786,5194
1787,4339
1788,5427
1789,5201
1790,4425
1791,4796
1792,4743
1793,5168
1794,4301
1795,4466
1796,4560
1797,4192
1798,4210
1799,4965
1800,4005
1801,5065
1802,4564
1803,5034
1804,4577
1805,5202
1806,4793
1807,4659
1808,4680
1809,4727
1810,3963
1811,3941
1812,4763
1813,4277
1814,4799
1815,4423
1816,4604
1817,5389
1818,4676
1819,4363
1820,4494
1821,4776
1822,4318
1823,4050
1824,5353
1825,4805
1826,4457
1827,4983
1828,4930
1829,5137
1830,4208
1831,4073
1832,4756
1833,4970
1834,3926
1835,4181
1836,4051
1837,4211
1838,4034
1839,4364
1840,4580
1841,3968
1842,4745
1843,4475
1844,4364
1845,4488
1846,5213
1847,5018
1848,4700
1849,4322
1850,5018
1851,5087
1852,3968
1853,5388
1854,5372
1855,4650
1856,4371
1857,4420
1858,5019
1859,4975
1860,4399
1861,4201
1862,4955
1863,4643
1864,4145
1865,4146
1866,4706
1867,3947
1868,4902
1869,4961
1870,5269
1871,5002
1872,5243
1873,4541
1874,4353
1875,3944
1876,4405
1877,4369
1878,4683
1879,4726
1880,5401
1881,4815
1882,5078
1883,4866
1884,5035
1885,4703
1886,4751
1887,4445
1888,5217
1889,4760
1890,4272
1891,3979
1892,4231
1893,4989
1894,4753
1895,4595
1896,4560
1897,4820
1898,4584
1899,4492
1900,4386
1902,4033
1903,5422
1904,4181
1905,4769
1906,4910
1907,4286
1908,4163
1909,4264
1910,4936
1911,4031
1912,4490
1913,4977
1914,3953
1915,3972
1916,4412
1917,4433
1918,4422
1919,4665
1920,4540
1921,4794
1922,4153
1923,4789
1924,5123
1925,4447
1926,4910
1927,4111
1928,5390
1929,4849
1930,4324
1931,5329
1932,4811
1933,3948
1934,4078
1935,4971
1936,4983
1937,4009
1938,4952
1939,5073
1940,5194
1941,4086
1942,4890
1943,4481
1944,5189
1945,4100
1946,4322
1947,4240
1948,5224
1949,4827
1950,5376
1951,5189
1952,4744
1953,4592
1954,4256
1955,5157
1956,5251
1957,4137
1958,4011
1959,5163
1960,4582
1961,4791
1962,5001
1963,4195
1964,5407
1965,5318
1966,5063
1967,5316
1968,5156
1969,4671
1970,5074
1971,4570
1972,4507
1973,4943
1974,4066
1975,5125
1976,4244
1977,5223
1978,4090
1979,4083
1980,5132
1981,4064
1982,4392
1983,4662
1984,4545
1985,5157
1986,3926
1987,4156
1988,5233
1989,5428
1990,5351
1991,4908
1992,4371
1993,4966
1994,4694
1995,4913
1996,5237
1997,4828
1998,5066
1999,4291
2000,4359
2001,4673
2002,5136
2003,4609
2004,5325
2005,4897
2006,5358
2007,5335
2008,4767
2009,5295
2010,4676
2011,4873
2012,5014
2013,3943
2014,4268
2015,4961
2016,3943
2017,5179
2018,5233
2019,3960
2020,4334
2021,5032
2022,5413
2023,4124
2024,5053
2025,4843
2026,4764
2027,4183
2030,4839
2031,3989
2032,4194
2033,4275
2034,4725
2035,4165
2036,4892
2037,4963
2038,5351
2039,4164
2040,4365
2042,4762
2043,4274
2044,4876
2045,4631
2046,5305
2047,5419
2048,5230
2049,4076
2050,4553
2051,5110
2052,4597
2053,4735
2054,4036
2055,3949
2056,5301
2057,5373
2058,5039
2059,4648
2060,4530
2061,4508
2062,5135
2063,4297
2064,5366
2065,4959
2066,4413
2067,4899
2068,4356
2069,4626
2071,5352
2072,5230
2074,4213
2075,5356
2076,4128
2077,4856
2078,4472
2079,4409
2080,4159
2081,4178
2082,4605
2083,5390
2084,4338
2085,4714
2086,4230
2087,5166
2088,4979
2089,5205
2090,4677
2091,3985
2092,3986
2093,5010
2094,5065
2095,4130
2096,4690
2097,4214
2098,4566
2099,4257
2100,4520
2101,4172
2102,5319
2103,4912
2104,4231
2105,4793
2106,4540
2107,4577
2108,4768
2109,4780
2110,5000
2111,5375
2112,5010
2113,4264
2114,3932
2115,5394
2116,4258
2117,4758
2118,4362
2119,3983
2120,4305
2121,4595
2122,4372
2123,5206
2124,4268
2125,4340
2126,5400
2127,4152
2128,4561
2129,5285
2130,4117
2131,5312
2132,4099
2133,4636
2134,4210
2135,5090
2136,4620
2137,4458
2138,3925
2139,5342
2140,5001
2141,5081
2142,4907
2143,4582
2144,5387
2145,5247
2146,5013
2147,4577
2148,4812
2149,4647
2150,4505
2151,4716
2152,5018
2153,4534
2154,4356
2155,4447
2156,3987
2157,4944
2158,5095
2159,4589
2160,4968
2162,4887
2163,4332
2165,3988
2166,4793
2167,3986
2168,5269
2169,5306
2170,4890
2171,4008
2172,4052
2173,5229
2174,3980
2175,4849
2176,5023
2177,4655
2178,4585
2179,4998
2180,4725
2181,3993
2182,4313
2183,5113
2185,5257
2186,4181
2187,3945
2188,4016
2189,4029
2190,5050
2191,4501
2192,5232
2193,5333
2194,4785
2195,5045
2196,4485
2197,5301
2198,4363
2199,4879
2200,5355
2201,4485
2202,5232
2203,4090
2204,4619
2205,4911
2206,5324
2207,5011
2208,4934
2209,5149
2210,4629
2211,5279
2212,4365
2213,4528
2214,5315
2215,4324
2216,4256
2217,5328
2218,4600
2219,4638
2220,4763
2221,5420
2222,4346
2223,4555
2224,5114
2225,4004
2226,5352
2227,5275
2228,5395
2229,5138
2230,4664
2231,4942
2234,4167
2235,4814
2236,5283
2237,4913
2238,5302
2239,4311
2240,4162
2242,4775
2243,4764
2244,3933
2245,5384
2247,5022
2248,5047
2250,4994
2251,4922
2252,5062
2253,4013
2254,4803
2255,4275
2256,4752
2258,4570
2259,5314
2260,4117
2262,4038
2263,4246
2264,5090
2265,4194
2266,5026
2267,4676
2268,4195
2269,4314
2270,4688
2271,3947
2272,4851
2273,4422
2274,4251
2275,4419
2276,5327
2277,5063
2278,5149
2279,5308
2280,4912
2281,4908
2282,4649
2283,4086
2284,4744
2285,4712
2286,4321
2287,4144
2288,4045
2289,5165
2290,5192
2291,4859
2292,4422
2293,4546
2294,4410
2295,3995
2296,4650
2297,4570
2298,4328
2299,4845
2300,5426
2301,5071
2302,5246
2303,4729
2304,5050
2305,4133
2306,4185
2307,3991
2308,4002
2309,3975
2310,4494
2311,4224
2312,5329
2313,5255
2314,4136
2315,4602
2316,4510
2317,4041
2318,4040
2319,4627
2320,5287
2321,5347
2322,3975
2323,5328
2324,4950
2325,5362
2326,4704
2327,4438
2328,4725
2329,5272
2330,4164
2331,4860
2332,5275
2333,4519
2334,4759
2335,4352
2336,5111
2337,4378
2338,4270
2339,5208
2340,4950
2341,4260
2344,4231
2345,4093
2346,5344
2349,5044
2350,4370
2351,4377
2352,4425
2353,4436
2354,3939
2355,4136
2356,5366
2357,5120
2358,4533
2359,5003
2360,4878
2361,4743
2362,4819
2363,4305
2364,5181
2365,5121
2366,4234
2367,4230
2368,4107
2369,4468
2370,4681
2371,4118
2372,4996
2373,4263
2374,4154
2376,5002
2377,4253
2378,4574
2379,4991
2380,4615
2381,4746
2382,4475
2383,4455
2384,4388
2385,5360
2386,4249
2387,4536
2388,5006
2389,5334
2393,4276
2394,4294
2396,4745
2397,4534
2398,3944
2399,4279
2400,4705
2401,3963
2402,4652
2403,5239
2404,4437
2405,4779
2406,5165
2407,5117
2408,4804
2409,4598
2410,4059
2411,4601
2413,5389
2415,4873
2416,4507
2417,5013
2418,5328
2419,4117
2420,5333
2422,5182
2423,4278
2424,4189
2425,5079
2426,5295
2427,4142
2428,3927
2429,4103
2430,5038
2431,4899
2432,4367
2433,5316
2434,5007
2435,4052
2436,5421
2437,4348
2438,4630
2439,4300
2440,4166
2441,4171
2442,4147
2443,4710
2444,4999
2445,5215
2446,4140
2447,4935
2448,5321
2449,5349
2450,5194
2451,4240
2452,4690
2453,5181
2454,4569
2455,4179
2456,4272
2457,4689
2458,5160
2459,5005
2460,4806
2461,4607
2462,4373
2463,5049
2464,4640
2465,5206
2466,4794
2467,5151
2468,4707
2469,4664
2470,4877
2471,4330
2472,4621
2473,4651
2474,5241
2476,3952
2477,4350
2478,5333
2479,4669
2480,5152
2481,5367
2482,4687
2484,5297
2485,4906
2486,4673
2487,5209
2488,5296
2489,4391
2490,4303
2491,4153
2492,5002
2493,5271
2494,4079
2495,5389
2496,4602
2497,4735
2498,3934
2499,5253
2500,5094
2501,3997
2502,4223
2503,5177
2504,5021
2505,4603
2506,4805
2507,5131
2508,4336
2509,4350
2510,3941
2511,5344
2512,4650
2513,5221
2514,4610
2515,4355
2516,4509
2517,4695
2518,4273
2519,4756
2520,4723
2522,4329
2523,4923
2524,4675
2525,4245
2526,3988
2527,4972
2528,5152
2529,3945
2530,4816
2531,5396
2532,5411
2533,4377
2534,5174
2535,4633
2536,5247
2537,4425
2538,5282
2539,4806
2540,5280
2541,4729
2542,4041
2543,5379
2544,4306
2545,4228
2546,4253
2547,4631
2548,4495
2549,4622
2550,5292
2551,5178
2552,4453
2553,3949
2554,4555
2555,5403
2556,5106
2557,5198
2558,5017
2559,5410
2560,4246
2561,4868
2562,4230
2563,4655
2564,5286
2565,5306
2566,5280
2567,4519
2568,4333
2569,4580
2570,4512
2571,5180
2572,4721
2573,4397
2574,4028
2575,5167
2576,5167
2577,5285
2578,4572
2579,5212
2580,4420
2581,4517
2582,4089
2583,4955
2584,4537
2585,4039
2586,4312
2587,4094
2588,4200
2589,3990
2590,4302
2591,4737
2592,4915
2593,4603
2594,5148
2595,4935
2596,4033
2597,4582
2598,5121
2599,4699
2600,4504
2601,4654
2602,5056
2603,4279
2604,4664
2605,5014
2606,5047
2607,4343
2608,4524
2609,5249
2610,4730
2611,4927
2612,5272
2613,4894
2614,4882
2615,4120
2616,4420
2617,4358
2618,5042
2619,4435
2620,4270
2621,4051
2622,5191
2623,4380
2624,5003
2625,4782
2626,4341
2627,5004
2628,5339
2629,4007
2630,4206
2631,4853
2632,5311
2633,4717
2634,4203
2635,4635
2636,5195
2637,4733
2638,5164
2639,4896
2640,4000
2641,4623
2642,4950
2643,4336
2644,3946
2645,4341
2646,4256
2647,5282
2648,4216
2649,4383
2650,4177
2651,5162
2652,4190
2653,5171
2654,4165
2655,5342
2656,4424
2657,4294
2658,4150
2659,4633
2660,4796
2661,4229
2662,5015
2663,5124
2664,4789
2665,4991
2666,3960
2667,4482
2669,4000
2670,4885
2671,5055
2672,4328
2673,4390
2674,3982
2675,4006
2677,5129
2679,3944
2680,4167
2681,4592
2683,4378
2684,4219
2685,5402
2686,4998
2687,4681
2688,5119
2689,5244
2691,4883
2692,4873
2693,4996
2695,4487
2697,3959
2700,4203
2701,4044
2702,4722
2703,5386
2704,4145
2705,4782
2706,4404
2707,3948
2708,4768
2709,4461
2710,4846
2711,4039
2712,4165
2713,4560
2714,5001
2715,5359
2716,5340
2717,4885
2718,4712
2719,4377
2720,4907
2721,3929
2722,5146
2723,4766
2724,5034
2725,5044
2726,4478
2728,5095
2729,4977
2730,4473
2731,5256
2732,5407
2733,3996
2734,4559
2735,4692
2736,4172
2737,4339
2738,5297
2740,5007
2741,5357
2742,4772
2743,4797
2746,5347
2747,4572
2748,4191
2750,4830
2751,4919
2752,4990
2753,4802
2754,4678
2755,4886
2756,3970
2757,4412
2758,4113
2759,4213
2760,4683
2761,4671
2762,5102
2763,4932
2767,3928
2768,5064
2770,3978
2771,4981
2772,5191
2773,4344
2774,4703
2775,4617
2776,4119
2777,4523
2778,5082
2779,3942
2780,4883
2781,4380
2782,4027
2783,4231
2784,4530
2785,4534
2786,4144
2787,4442
2788,5331
2789,4634
2790,4419
2791,4320
2792,4160
2793,4275
2794,4345
2795,4999
2798,4476
2799,4757
2800,4399
2801,4562
2802,3951
2803,5169
2804,4032
2805,4739
2806,3970
2808,4644
2810,4457
2811,5108
2812,5286
2813,5162
2814,4414
2815,5097
2816,5149
2817,4303
2818,5166
2819,4668
2820,3921
2821,4754
2822,4499
2823,5197
2824,5144
2825,4069
2826,4629
2827,4096
2828,4330
2829,4527
2830,5153
2832,4543
2833,4367
2834,4135
2835,3928
2836,4459
2837,4699
2839,3920
2840,4958
2842,4618
2843,5038
2844,3940
2845,4143
2846,5332
2847,4080
2848,4321
2849,5264
2850,5031
2851,4248
2854,5125
2855,5123
2856,4982
2857,4710
2858,4932
2859,4972
2860,5296
2861,5425
2862,4174
2863,4694
2864,5377
2865,4477
2866,4841
2867,5191
2868,4277
2869,5337
2870,5262
2872,5061
2873,4921
2874,4780
2875,4482
2876,4692
2877,4262
2878,5053
2879,4077
2880,5260
2881,4444
2882,4216
2883,4025
2884,5228
2885,4835
2886,4542
2887,4397
2888,4096
2889,5141
2890,5217
2891,4741
2892,4667
2893,5074
2894,4989
2895,4278
2896,4074
2897,5035
2898,5405
2899,5092
2900,4152
2901,5139
2902,4524
2903,4143
2904,5403
2905,4852
2906,4904
2907,5016
2908,5077
2909,3969
2910,5140
2911,4236
2912,5125
2913,5224
2914,4410
2915,4360
2916,5187
2917,4199
2918,4056
2919,3924
2921,4390
2922,5089
2923,3969
2924,4887
2925,4709
2926,3985
2927,5386
2928,4115
2929,5361
2930,4299
2931,5265
2932,5374
2933,4185
2935,4012
2936,4638
2937,5311
2938,4678
2939,4913
2940,4624
2941,5100
2942,5304
2943,5418
2944,5258
2945,4674
2946,4987
2947,4109
2948,3922
2949,4998
2950,4283
2951,4266
2952,4730
2953,4121
2954,5025
2956,4978
2957,4427
2958,5408
2959,5254
2960,4399
2961,4768
2962,4032
2963,4974
2964,4147
2965,4051
2966,4474
2967,4610
2968,4226
2969,4429
2970,4868
2971,4059
2972,4639
2973,5184
2974,4057
2976,4267
2977,5143
2978,3956
2979,4113
2980,4471
2981,4840
2982,5427
2983,5130
2984,5319
2985,4057
2986,4644
2987,4707
2988,4325
2989,5119
2990,5221
2994,4939
2995,4077
2996,4616
2997,4335
2998,4501
2999,4168
3000,4216
3001,5024
3002,4712
3003,5087
3004,4344
3005,5093
3006,4529
3007,4070
3008,5226
3009,4149
3010,4389
3011,5057
3012,4960
3013,5343
3014,4943
3016,4689
3017,4523
3018,4932
3019,4588
3020,4203
3021,4386
3022,5200
3023,5309
3024,5222
3025,4785
3026,5180
3027,4271
3028,4592
3029,4759
3030,4918
3031,4765
3032,3965
3033,4747
3034,4332
3035,3943
3036,5318
3037,5252
3038,4308
3039,4107
3040,4867
3041,4131
3042,5242
3043,4088
3044,4801
3045,4860
3046,3992
3047,4902
3048,4484
3049,3978
3050,4589
3051,4158
3052,3919
3053,4158
3054,4110
3055,4039
3056,5049
3057,4197
3058,4992
3059,5017
3060,4278
3061,4155
3063,4648
3064,4024
3065,5286
3066,4346
3067,4792
3068,5314
3069,4321
3070,4937
3071,4204
3072,4296
3073,4489
3074,4353
3075,4694
3076,5332
3079,4634
3080,5356
3081,4002
3082,4054
3083,4105
3084,5268
3085,4006
3086,5385
3087,4880
3088,4428
3089,4201
3090,5032
3091,4982
3092,5258
3093,5110
3096,4286
3097,4877
3098,4740
3099,4880
3100,4547
3101,4831
3102,4063
3103,4763
3104,4126
3105,4397
3106,4608
3107,4984
3108,5357
3109,4733
3110,4149
3111,5103
3112,5017
3113,5190
3114,4010
3115,5004
3118,5416
3119,4984
3120,4058
3121,4266
3122,5188
3123,4244
3124,4512
3125,4648
3126,4777
3127,4733
3128,4025
3129,5220
3130,4085
3131,4150
3132,5005
3133,5322
3134,4424
3135,3982
3136,4764
3137,5173
3138,5338
3139,4771
3140,4572
3141,5179
3142,4294
3143,5354
3144,5210
3145,4019
3146,4052
3147,4018
3148,4082
3149,5403
3150,4847
3151,4771
3154,4539
3155,4928
3156,5430
3157,4486
3158,5409
3159,4327
3160,5148
3161,4334
3162,4739
3163,4212
3164,3951
3165,4021
3166,4346
3167,4957
3168,4982
3169,4157
3170,4131
3171,4935
3172,5060
3173,4099
3174,4645
3175,5078
3176,4350
3177,3955
3178,4869
3179,4074
3180,5231
3181,4253
3182,4234
3183,4470
3184,4733
3185,3928
3186,4690
3187,5368
3188,4125
3189,4070
3190,4616
3191,4924
3192,4045
3193,4761
3194,4592
3195,4437
3196,5049
3197,4680
3198,4846
3199,4891
3200,3981
3201,4450
3202,4795
3203,4549
3204,4286
3205,5293
3206,4085
3207,5124
3208,4090
3209,4354
3210,4667
3211,3944
3212,5236
3213,5108
3214,4650
3215,4766
3216,4209
3217,4805
3218,4985
3220,4634
3221,4047
3222,5382
3223,5204
3224,5056
3225,5199
3226,3930
3228,5416
3229,4706
3230,4557
3231,5154
3232,3952
3233,4543
3234,5236
3235,4196
3236,5355
3237,5142
3238,4819
3239,3947
3240,4859
3241,4327
3242,4352
3243,5034
3244,4753
3245,4556
3246,4001
3247,4469
3248,4118
3249,4120
3250,4682
3251,4032
3252,4429
3254,4880
3255,5381
3256,4700
3257,4641
3258,5279
3259,3961
3260,4245
3261,4339
3262,4618
3263,4001
3264,4511
3265,4169
3266,4394
3267,5257
3268,4413
3269,5023
3270,4564
3272,5275
3273,4235
3274,4510
3275,4014
3276,4061
3277,4852
3278,4881
3279,4587
3280,4043
3281,5196
3282,4292
3283,5067
3284,4445
3285,4274
3286,4854
3287,5424
3288,4004
3289,4306
3290,3975
3291,5274
3292,4401
3293,5178
3294,4351
3295,4591
3296,4860
3297,4444
3298,5092
3299,5180
3300,4187
3301,5052
3302,5348
3303,5376
3304,5336
3305,4875
3306,4908
3307,4881
3308,4067
3310,4834
3311,5062
3312,4900
3313,4627
3314,3966
3315,4960
3316,4677
3317,4670
3318,4247
3319,4730
3320,5378
3321,4696
3322,4870
3323,4621
3324,4319
3325,5225
3326,4272
3327,4739
3328,5145
3329,4012
3330,4164
3331,4428
3332,4380
3333,4081
3334,4703
3335,4860
3336,4500
3337,4054
3338,4281
3339,4901
3340,4269
3341,5065
3342,4128
3343,5188
3344,5187
3345,5290
3346,4911
3347,5213
3348,5162
3349,4571
3350,4554
3351,5172
3352,4566
3353,4616
3354,4417
3355,3970
3356,5198
3357,4320
3358,3978
3359,3950
3360,4514
3361,4387
3362,4107
3363,4523
3364,4504
3365,3922
3366,5110
3367,4573
3368,5130
3369,4120
3370,4236
3371,4235
3372,5337
3373,4323
3374,4008
3375,5349
3376,5386
3377,5176
3378,4136
3379,5097
3380,5055
3381,4138
3382,5380
3383,4051
3384,3936
3385,4907
3386,4325
3387,4219
3388,4821
3389,3925
3390,4769
3391,4882
3392,3983
3393,4797
3394,4396
3395,4867
3396,5029
3397,4177
3398,5323
3399,4095
3400,4204
3401,5308
3402,4027
3403,5388
3404,5296
3406,5141
3407,4911
3408,4291
3409,4954
3410,5081
3411,4161
3412,5081
3413,4092
3414,3971
3415,5219
3416,4673
3417,5419
3418,3956
3419,4559
3420,5068
3421,4898
3422,4304
3423,5344
3424,5252
3425,5378
3426,5010
3427,5350
3428,4050
3429,5050
3430,4787
3431,5070
3432,5281
3433,4779
3434,4487
3436,4866
3437,4918
3438,4154
3439,4421
3440,4785
3441,5420
3442,4192
3443,5334
3444,5417
3445,4152
3446,4130
3447,4276
3448,5360
3449,5263
3450,4297
3451,4710
3452,4371
3453,5143
3454,4121
3455,4367
3456,3980
3457,4856
3458,4368
3459,4497
3460,4273
3461,4517
3462,4358
3463,4612
3464,4345
3465,5235
3466,4460
3467,3956
3468,5033
3469,4831
3470,5147
3471,4182
3472,4814
3473,5085
3474,4679
3475,4988
3476,5258
3477,3949
3478,5218
3479,4037
3480,5383
3481,4540
3482,4828
3483,3924
3484,4461
3485,5217
3486,4834
3487,3933
3488,4826
3489,4620
3490,4635
3491,4152
3492,4940
3493,4273
3494,4597
3495,4962
3496,4581
3497,4675
3498,3984
3499,4476
3500,4976
3501,4330
3502,5426
3503,4884
3504,4526
3505,4068
3506,3962
3507,4864
3508,5071
3509,4731
3510,4325
3511,4973
3512,4452
3513,3945
3515,5203
3516,4772
3517,4931
3518,5429
3519,4473
3520,4968
3521,4995
3522,3935
3524,4716
3525,4158
3526,5322
3527,4479
3528,4758
3529,4355
3530,4676
3531,4637
3532,4116
3533,5019
3534,4749
3535,4503
3536,4515
3537,5173
3538,4863
3539,4221
3541,4655
3542,4458
3543,4559
3544,4672
3545,4227
3546,4526
3547,4158
3550,5122
3551,4314
3552,5042
3553,5370
3554,5227
3555,4450
3557,3991
3558,4930
3559,4837
3560,4201
3561,4660
3562,4148
3563,5112
3564,4997
3565,4020
3566,4429
3567,4802
3568,4181
3569,4858
3570,3929
3571,4117
3572,4799
3573,4275
3574,5090
3575,4590
3576,4471
3577,3973
3578,5186
3579,4030
3580,4777
3581,5048
3582,4950
3583,4019
3584,4740
3586,4356
3587,4191
3588,4322
3589,5129
3590,5129
3591,4206
3592,4675
3593,4174
3594,3971
3595,4625
3596,4872
3597,4156
3598,5250
3599,4220
3600,4454
3601,4576
3602,5075
3603,5119
3604,5118
3605,3933
3607,4187
3608,4567
3609,3999
3610,4879
3611,4409
3612,4372
3614,4653
3615,5174
3616,4391
3617,4623
3619,5093
3620,5109
3621,4776
3622,3972
3623,5056
3625,4964
3626,5068
3627,4688
3628,4777
3632,4646
3633,4241
3634,5135
3635,4595
3636,4024
3637,5412
3638,4515
3639,4394
3640,4012
3641,5008
3642,4943
3643,4224
3644,4067
3645,5192
3646,4284
3647,5264
3648,4389
3649,4011
3650,4875
3651,5096
3652,4194
3653,4358
3654,4695
3655,5195
3656,3947
3657,4506
3660,4234
3661,4001
3662,4524
3663,4743
3665,4544
3666,4457
3667,4522
3670,4607
3671,4989
3672,4304
3673,4116
3674,4451
3675,4941
3676,4701
3677,4417
3678,5115
3679,4952
3680,4253
3681,4764
3682,5081
3683,4250
3686,4305
3687,4499
3690,5041
3691,5133
3692,4326
3695,4568
3696,4228
3697,4892
3698,5337
3699,5309
3700,4432
3701,5271
3702,5274
3703,4104
3704,5212
3705,4514
3706,4022
3707,5256
3708,5121
3709,4885
3710,4135
3711,4807
3712,4426
3713,5399
3714,5196
3715,4119
3716,4934
3717,4813
3718,4238
3719,3976
3720,4023
3721,4385
3723,4104
3728,4341
3729,4276
3730,5304
3733,5319
3734,4569
3735,4754
3736,5020
3737,4391
3738,4646
3739,4521
3740,4245
3741,4025
3743,4369
3744,4453
3745,5200
3746,5070
3747,3993
3748,4289
3749,5074
3750,4998
3751,5265
3752,5259
3753,4351
3754,4201
3755,4877
3756,4139
3757,5349
3758,5083
3759,5206
3760,5225
3761,4903
3762,4684
3763,4106
3764,5371
3765,5410
3766,5110
3767,4330
3768,4041
3769,4516
3772,4439
3773,4249
3774,4633
3779,4956
3780,5014
3781,4118
3782,4874
3783,4467
3784,4478
3786,4668
3787,5141
3788,4357
3789,4226
3790,4304
3791,4290
3792,5276
3793,4316
3794,4344
3795,4493
3796,5199
3797,4341
3799,4455
3800,4331
3801,4728
3802,4786
3803,4456
3804,4501
3805,4790
3806,4407
3808,4988
3809,4553
3810,4865
3811,5165
3812,5273
3813,5013
3814,4205
3815,4613
3816,4844
3817,4522
3818,4237
3819,3931
3820,5054
3821,5128
3822,4174
3823,5414
3824,4007
3825,4731
3826,4709
3827,4859
3828,4187
3829,3927
3830,5259
3831,4802
3832,4827
3833,4598
3834,4639
3835,4953
3836,4720
3837,4112
3838,4625
3839,5432
3841,4237
3842,4416
3843,4166
3844,4088
3845,4228
3846,4061
3850,4779
3851,5227
3852,4838
3853,4657
3868,5152
3869,4848
3871,4834
3872,4668
3873,4887
3874,4723
3875,5207
3877,4851
3878,5092
3882,5141
3883,5374
3884,4111
3885,5156
3887,4334
3888,4905
3889,4349
3890,4622
3892,5052
3893,4422
3894,4996
3895,4129
3896,4216
3899,5129
3900,4850
3901,5265
3902,4815
3905,4127
3906,4724
3907,3967
3908,4196
3909,4451
3910,4402
3911,4774
3915,4327
3917,5022
3918,5370
3919,5838
3920,6048
3921,5891
3922,5801
3923,5501
3924,5779
3925,5544
3926,5636
3927,5937
3928,5452
3929,5930
3930,5794
3931,5565
3932,5947
3933,5475
3934,5650
3935,5659
3936,5769
3937,5933
3938,5448
3939,5468
3940,5852
3941,5909
3942,5564
3943,5468
3944,5847
3945,5960
3946,5613
3947,5760
3948,5662
3949,5773
3950,5446
3951,5821
3952,5721
3953,5731
3954,5575
3955,5856
3956,5519
3957,5973
3958,5884
3959,5904
3960,6036
3961,5560
3962,5474
3963,5699
3964,5518
3965,5461
3966,5794
3967,5694
3968,5690
3969,5461
3970,5480
3971,5833
3972,5848
3973,5796
3974,5595
3975,6037
3976,5889
3977,5744
3978,5521
3979,5995
3980,5949
3981,5650
3982,5649
3983,5495
3984,5668
3985,5483
3986,5701
3987,5714
3988,5620
3989,5812
3990,5994
3991,5691
3992,5717
3993,6018
3994,5719
3995,5976
3996,5886
3997,5573
3998,5809
3999,5884
4000,6047
4001,6028
4002,6052
4003,5717
4004,5765
4005,5634
4006,5749
4007,5793
4008,5757
4009,5627
4010,5913
4011,5628
4012,5877
4013,5684
4014,5968
4015,5476
4016,5536
4017,5742
4018,5599
4019,5793
4020,5770
4021,5724
4022,5974
4023,5645
4024,6045
4025,5931
4026,5595
4027,5851
4028,6002
4029,5995
4030,5550
4031,5652
4032,5772
4033,5491
4034,5731
4035,5801
4036,5820
4037,5986
4038,6047
4039,5639
4040,5712
4041,5515
4042,5511
4043,5821
4044,5548
4045,5908
4046,5865
4047,5604
4048,6051
4049,5524
4050,5681
4051,5747
4052,5969
4053,5894
4054,5853
4055,5841
4056,5772
4057,5774
4058,6027
4059,5733
4060,5605
4061,5809
4062,5601
4063,5663
4064,5871
4065,5466
4066,5638
4067,5711
4068,5928
4069,5508
4070,5645
4071,5651
4072,5734
4073,5557
4074,5899
4075,5615
4076,5751
4077,5605
4078,5975
4079,5553
4080,5502
4081,5631
4082,5678
4083,5466
4084,5687
4085,6025
4086,5999
4087,5570
4088,5507
4089,5993
4090,5994
4091,5704
4092,5698
4093,5755
4094,5808
4095,5837
4096,5490
4097,5945
4098,5540
4099,5840
4100,5691
4101,5771
4102,5583
4103,5778
4104,5845
4105,5973
4106,5697
4107,6021
4108,5625
4109,5588
4110,5631
4111,5621
4112,5593
4113,5686
4114,5451
4115,5806
4116,5447
4117,6012
4118,5579
4119,5743
4120,5499
4121,5632
4122,5611
4123,5863
4124,5819
4125,5775
4126,5946
4127,5785
4128,5469
4129,5617
4130,6004
4131,5939
4132,6017
4133,5791
4134,5855
4135,5641
4136,5667
4137,5906
4138,5712
4139,5823
4140,5623
4141,5945
4142,6001
4143,5549
4144,5599
4145,6037
4146,6012
4147,5923
4148,6010
4149,5451
4150,5843
4151,5819
4152,5658
4153,5513
4154,5864
4155,5462
4156,6049
4157,6015
4158,5840
4159,5539
4160,5775
4161,5836
4162,5895
4163,5644
4164,5938
4165,5914
4166,5554
4167,5927
4168,5867
4169,5712
4170,5562
4171,5800
4172,5677
4173,5735
4174,5907
4175,6032
4176,5702
4177,5860
4178,5445
4179,5490
4180,5455
4181,6014
4182,5864
4183,5589
4184,5749
4185,5813
4186,5998
4187,5549
4188,5467
4189,5594
4190,5737
4191,5454
4192,5633
4193,5694
4194,5510
4195,5486
4196,5896
4197,5666
4198,5806
4199,5541
4200,5979
4201,5989
4202,5702
4203,5457
4204,5798
4205,5667
4206,5492
4207,5682
4208,5825
4209,5754
4210,5581
4211,5679
4212,5584
4213,5873
4214,5957
4215,5536
4216,5938
4217,5855
4218,5691
4219,5910
4220,5781
4221,5829
4222,5863
4223,5914
4224,5966
4225,5603
4226,5959
4227,5714
4228,5480
4229,5489
4230,5655
4231,5462
4232,5725
4233,5847
4234,5528
4235,5823
4236,5479
4237,5954
4238,5962
4239,5941
4240,5903
4241,5495
4242,5692
4243,5844
4244,5555
4245,5807
4246,6003
4247,5544
4248,5993
4249,6031
4250,6025
4251,5704
4252,5596
4253,5465
4254,5525
4255,5919
4256,5726
4257,5869
4258,5988
4259,5837
4260,5862
4261,5907
4262,5446
4263,5488
4264,5950
4265,5970
4266,5897
4267,5485
4268,5860
4269,5518
4270,5925
4271,5657
4272,5776
4273,5794
4274,5748
4275,6031
4276,5605
4277,5735
4278,5931
4279,5541
4280,5490
4281,5559
4282,5571
4283,5792
4284,5990
4285,5612
4286,5850
4287,5603
4288,5665
4289,5781
4290,5793
4291,5982
4292,5579
4293,5630
4294,5469
4295,5999
4296,5785
4297,5997
4298,5827
4299,5961
4300,5651
4301,5692
4302,5950
4303,5518
4304,5800
4305,5815
4306,6004
4307,5959
4308,5468
4309,5727
4310,5621
4311,5579
4312,5556
4313,5846
4314,5673
4315,6011
4316,5628
4317,5441
4318,5538
4319,5576
4320,5878
4321,5495
4322,5455
4323,5650
4324,5782
4325,5790
4326,5498
4327,5677
4328,5708
4329,5623
4330,5961
4331,5810
4332,5983
4333,5461
4334,5813
4335,5832
4336,5813
4337,5736
4338,5643
4339,5705
4340,5828
4341,5714
4342,5735
4343,5947
4344,5443
4345,5603
4346,5479
4347,5983
4348,5956
4349,5796
4350,5538
4351,5595
4352,5777
4353,5841
4354,6039
4355,5656
4356,5969
4357,5964
4358,5728
4359,5958
4360,5917
4361,5439
4362,6036
4363,5987
4364,5440
4365,5792
4366,5864
4367,5872
4368,5722
4369,5493
4370,5810
4371,5689
4372,5833
4373,5744
4374,5707
4375,6043
4376,5528
4377,5810
4378,5797
4379,5525
4380,5887
4381,5797
4382,5835
4383,5888
4384,5614
4385,5856
4386,5846
4387,5711
4388,6034
4389,5943
4390,5506
4391,6038
4392,5841
4393,5782
4394,5786
4395,5957
4396,5617
4397,5544
4398,5573
4399,5608
4400,5512
4401,5447
4402,5674
4403,5757
4404,5501
4405,5747
4406,5726
4407,5474
4408,5639
4409,5906
4410,5728
4411,5790
4412,5954
4413,5873
4414,5664
4415,5746
4416,5484
4417,5828
4418,5743
4419,5712
4420,5643
4421,5501
4422,5899
4423,6033
4424,5736
4425,5591
4426,5476
4427,5587
4428,5851
4429,5824
4430,5523
4431,5619
4432,5690
4433,5751
4434,5597
4435,5525
4436,5437
4437,5767
4438,5656
4439,5802
4440,5713
4441,6045
4442,5478
4443,5782
4444,6041
4445,5796
4446,5975
4447,5534
4448,5671
4449,5756
4450,5893
4451,5932
4452,5682
4453,5553
4454,5911
4455,5894
4456,5484
4457,5770
4458,5462
4459,5724
4460,5537
4461,6036
4462,5562
4463,5715
4464,5941
4465,5818
4466,5731
4467,5446
4468,5732
4469,5892
4470,5672
4471,5929
4472,5580
4473,6042
4474,5829
4475,5614
4476,6030
4477,6000
4478,5919
4479,5895
4480,5683
4481,5798
4482,5659
4483,5587
4484,5671
4485,5606
4486,5515
4487,5577
4488,5472
4489,5936
4490,5799
4491,5876
4492,5870
4493,5815
4494,5963
4495,5653
4496,5935
4497,6028
4498,5697
4499,5571
4500,5551
4501,5490
4502,5458
4503,5880
4504,5962
4505,5748
4506,5557
4507,6000
4508,5734
4509,5546
4510,5604
4511,6024
4512,5706
4513,6003
4514,5543
4515,5676
4516,5629
4517,5516
4518,5623
4519,5753
4520,6014
4521,5591
4522,6026
4523,5589
4524,5764
4525,5606
4526,6008
4527,5956
4528,6000
4529,5984
4530,5497
4531,5923
4532,5754
4533,5951
4534,5486
4535,6049
4536,5780
4537,5460
4538,5637
4539,5661
4540,5750
4541,5474
4542,5710
4543,5698
4544,5448
4545,5878
4546,5486
4547,5974
4548,5970
4549,5790
4550,5967
4551,5541
4552,5523
4553,5539
4554,5767
4555,5471
4556,5966
4557,5599
4558,5998
4559,5487
4560,5630
4561,5518
4562,5509
4563,5666
4564,5642
4565,5609
4566,5636
4567,5702
4568,5449
4569,5448
4570,5574
4571,5915
4572,5509
4573,5800
4574,5993
4575,5629
4576,5493
4577,5591
4578,5929
4579,5861
4580,5968
4581,5666
4582,5807
4583,5744
4584,5867
4585,5972
4586,5713
4587,5437
4588,5526
4589,5664
4590,5854
4591,5686
4592,5897
4593,5533
4594,5521
4595,5619
4596,5865
4597,5479
4598,5868
4599,5799
4600,5435
4601,5434
4602,5801
4603,5526
4604,5739
4605,5902
4606,5644
4607,5626
4608,5738
4609,5664
4610,5823
4611,5870
4612,6050
4613,5973
4614,5488
4615,5961
4616,6023
4617,5805
4618,5875
4619,5780
4620,5716
4621,5749
4622,5933
4623,5745
4624,5731
4625,5961
4626,5724
4627,5781
4628,5470
4629,5647
4630,5754
4631,5811
4632,5822
4633,6016
4634,5532
4635,5851
4636,5483
4637,5696
4638,5528
4639,5788
4640,6006
4641,5723
4642,5440
4643,5901
4644,6005
4645,5856
4646,6041
4647,5969
4648,5782
4649,5822
4650,5454
4651,5811
4652,5550
4653,5808
4654,5791
4655,5975
4656,5794
4657,5684
4658,5780
4659,5793
4660,5600
4661,5801
4662,5898
4663,5747
4664,5796
4665,5909
4666,5989
4667,5895
4668,5905
4669,5673
4670,5521
4671,5637
4672,5491
4673,5698
4674,5485
4675,5922
4676,5799
4677,6019
4678,5865
4679,5818
4680,5763
4681,5625
4682,5639
4683,5557
4684,5815
4685,5975
4686,5565
4687,5807
4688,5977
4689,5515
4690,5830
4691,5696
4692,5633
4693,5689
4694,5461
4695,5552
4696,5918
4697,5978
4698,5606
4699,5942
4700,5720
4701,5519
4702,5906
4703,5916
4704,6014
4705,5687
4706,5589
4707,5882
4708,5674
4709,5739
4710,5560
4711,5470
4712,5631
4713,5615
4714,5633
4715,5804
4716,5764
4717,5636
4718,5617
4719,5896
4720,6047
4721,5524
4722,6030
4723,5937
4724,5521
4725,5990
4726,5787
4727,5598
4728,5536
4729,5651
4730,5479
4731,5955
4732,5885
4733,6037
4734,5655
4735,5904
4736,5912
4737,5881
4738,5919
4739,5696
4740,5948
4741,5444
4742,5859
4743,5966
4744,5962
4745,5816
4746,5759
4747,5674
4748,5761
4749,5980
4750,5454
4751,5957
4752,5927
4753,5987
4754,5671
4755,5895
4756,5455
4757,5509
4758,5709
4759,5576
4760,6020
4761,5911
4762,5441
4763,5870
4764,5742
4765,5732
4766,5625
4767,5602
4768,5693
4769,5902
4770,5817
4771,5753
4772,5985
4773,6009
4774,6005
4775,5607
4776,5842
4777,5552
4778,6044
4779,5919
4780,5567
4781,5902
4782,5721
4783,5654
4784,5981
4785,5635
4786,5471
4787,6008
4788,5506
4789,5871
4790,5505
4791,5659
4792,5503
4793,5940
4794,5577
4795,5887
4796,5983
4797,5792
4798,5799
4799,6031
4800,5892
4801,5457
4802,5853
4803,5823
4804,5463
4805,5843
4806,6009
4807,5662
4808,5854
4809,5935
4810,5681
4811,5491
4812,5768
4813,5581
4814,5780
4815,6048
4816,5925
4817,5530
4818,5797
4819,5730
4820,6001
4821,5582
4822,5744
4823,5834
4824,5812
4825,5739
4826,5928
4827,5939
4828,5551
4829,5601
4830,5628
4831,5440
4832,5771
4833,5589
4834,5918
4835,6028
4836,5814
4837,5715
4838,6006
4839,5755
4840,5640
4841,5711
4842,5643
4843,5923
4844,5654
4845,5450
4846,5777
4847,5753
4848,5939
4849,5847
4850,5831
4851,5695
4852,6001
4853,5776
4854,5661
4855,5908
4856,5681
4857,5473
4858,5917
4859,5726
4860,5708
4861,5698
4862,5897
4863,5751
4864,5804
4865,5942
4866,5562
4867,5592
4868,5546
4869,5609
4870,5469
4871,6041
4872,5504
4873,5562
4874,5994
4875,5568
4876,5525
4877,5475
4878,5954
4879,5749
4880,5622
4881,5783
4882,6020
4883,5530
4884,5986
4885,5722
4886,5580
4887,5700
4888,5498
4889,5985
4890,5571
4891,5672
4892,5585
4893,5650
4894,5940
4895,5957
4896,5680
4897,5938
4898,5573
4899,5938
4900,5924
4901,5867
4902,5984
4903,5779
4904,5847
4905,5644
4906,5998
4907,5977
4908,5652
4909,5856
4910,5905
4911,5497
4912,5494
4913,5850
4914,5607
4915,5784
4916,5690
4917,5688
4918,5470
4919,5616
4920,5757
4921,5510
4922,5834
4923,6006
4924,5886
4925,5536
4926,5444
4927,5613
4928,5715
4929,5820
4930,5658
4931,5435
4932,5584
4933,5662
4934,5464
4935,5640
4936,5740
4937,5627
4938,5515
4939,5588
4940,5688
4941,5888
4942,5494
4943,5444
4944,5958
4945,5522
4946,5580
4947,5528
4948,5617
4949,5756
4950,5736
4951,5620
4952,5674
4953,5632
4954,5556
4955,5732
4956,5931
4957,5763
4958,5850
4959,5898
4960,5497
4961,5787
4962,5645
4963,5519
4964,5655
4965,5956
4966,5750
4967,5604
4968,5738
4969,5450
4970,5905
4971,6006
4972,5558
4973,5960
4974,5680
4975,5516
4976,5728
4977,5511
4978,5514
4979,5729
4980,5926
4981,5644
4982,5725
4983,5931
4984,6030
4985,5930
4986,5967
4987,5640
4988,5873
4989,5572
4990,5646
4991,5979
4992,5607
4993,5668
4994,6049
4995,5852
4996,6033
4997,5863
4998,5438
4999,5464
5000,5976
5001,5578
5002,5670
5003,6007
5004,5600
5005,6048
5006,5819
5007,5436
5008,5454
5009,5827
5010,5649
5011,5820
5012,5506
5013,5557
5014,5785
5015,5532
5016,5914
5017,5444
5018,5437
5019,5985
5020,5596
5021,5658
5022,5789
5023,5675
5024,5808
5025,5563
5026,5857
5027,5747
5028,5929
5029,5873
5030,5911
5031,5505
5032,5483
5033,5610
5034,5858
5035,5816
5036,5839
5037,5642
5038,5576
5039,5547
5040,5927
5041,5618
5042,5792
5043,5487
5044,5472
5045,5768
5046,5558
5047,5960
5048,5666
5049,5795
5050,5635
5051,5968
5052,5619
5053,5718
5054,6003
5055,5624
5056,5621
5057,5720
5058,5590
5059,5619
5060,5814
5061,5921
5062,5553
5063,6023
5064,5967
5065,5477
5066,5900
5067,5724
5068,5527
5069,5691
5070,5522
5071,6033
5072,5618
5073,5609
5074,5693
5075,5486
5076,5978
5077,5803
5078,5468
5079,5955
5080,5437
5081,5762
5082,5574
5083,5729
5084,5891
5085,5715
5086,5887
5087,5514
5088,6001
5089,5678
5090,5556
5091,5762
5092,5673
5093,5808
5094,5537
5095,5566
5096,5848
5097,5999
5098,5442
5099,5883
5100,5568
5101,5866
5102,5673
5103,5960
5104,5976
5105,5812
5106,5550
5107,6024
5108,5834
5109,5512
5110,5838
5111,5462
5112,5951
5113,5797
5114,5844
5115,5464
5116,5979
5117,5494
5118,5840
5119,6017
5120,5921
5121,5624
5122,6038
5123,5660
5124,5626
5125,5629
5126,5708
5127,5493
5128,5910
5129,6046
5130,5860
5131,6051
5132,5885
5133,5954
5134,5602
5135,5496
5136,5482
5137,5772
5138,5496
5139,5762
5140,5996
5141,5535
5142,5634
5143,5607
5144,5531
5145,5720
5146,5632
5147,5594
5148,5721
5149,5509
5150,6031
5151,5656
5152,5771
5153,5930
5154,5453
5155,5662
5156,5544
5157,5939
5158,5826
5159,5892
5160,5624
5161,5706
5162,5503
5163,6025
5164,5806
5165,5999
5166,5906
5167,5761
5168,5705
5169,6033
5170,6035
5171,6022
5172,5833
5173,5989
5174,5970
5175,6046
5176,5937
5177,5993
5178,5575
5179,5491
5180,5610
5181,5867
5182,5733
5183,5625
5184,5476
5185,5526
5186,5463
5187,5985
5188,5637
5189,5558
5190,5992
5191,5438
5192,5965
5193,5848
5194,5710
5195,6009
5196,5802
5197,5844
5198,5660
5199,5526
5200,5584
5201,5767
5202,5829
5203,5701
5204,5783
5205,5539
5206,5647
5207,5436
5208,5898
5209,5786
5210,5741
5211,5946
5212,5460
5213,5901
5214,6011
5215,5917
5216,5701
5217,5546
5218,5520
5219,5849
5220,6032
5221,5561
5222,5951
5223,5900
5224,5565
5225,5806
5226,5837
5227,5944
5228,5653
5229,5879
5230,5765
5231,5952
5232,5693
5233,5947
5234,5784
5235,5551
5236,5575
5237,5734
5238,5680
5239,5546
5240,5953
5241,5758
5242,5558
5243,5573
5244,5555
5245,5653
5246,6026
5247,6046
5248,5896
5249,5854
5250,6016
5251,5774
5252,5605
5253,5434
5254,5953
5255,5588
5256,5482
5257,5723
5258,5825
5259,5660
5260,5851
5261,5827
5262,5899
5263,5564
5264,5678
5265,5439
5266,5685
5267,5460
5268,5969
5269,5925
5270,5791
5271,5770
5272,5622
5273,5452
5274,6040
5275,5853
5276,5669
5277,5534
5278,5608
5279,5517
5280,6044
5281,5766
5282,5692
5283,5588
5284,5992
5285,5668
5286,5810
5287,5888
5288,5485
5289,5442
5290,5677
5291,5952
5292,5991
5293,5916
5294,5979
5295,5616
5296,5729
5297,5891
5298,5565
5299,5587
5300,6030
5301,5469
5302,5704
5303,5653
5304,5629
5305,5681
5306,5930
5307,5506
5308,5874
5309,5893
5310,5679
5311,5529
5312,5965
5313,6000
5314,5627
5315,5569
5316,5465
5317,5986
5318,5533
5319,5615
5320,5476
5321,5654
5322,5911
5323,6005
5324,5529
5325,5640
5326,5795
5327,5547
5328,5987
5329,5616
5330,5456
5331,5966
5332,5460
5333,5648
5334,6018
5335,5920
5336,5570
5337,5877
5338,6014
5339,5908
5340,5742
5341,5606
5342,5779
5343,5481
5344,5852
5345,5777
5346,5858
5347,5758
5348,5624
5349,5890
5350,5802
5351,5727
5352,5586
5353,5918
5354,5534
5355,5703
5356,5603
5357,5748
5358,5770
5359,5572
5360,5812
5361,5774
5362,5637
5363,5561
5364,5682
5365,6020
5366,5990
5367,5775
5368,5634
5369,5663
5370,5884
5371,5970
5372,5886
5373,5994
5374,5594
5375,5763
5376,5592
5377,5553
5378,5763
5379,5598
5380,5448
5381,5971
5382,6013
5383,5678
5384,5813
5385,5542
5386,5628
5387,5520
5388,5752
5389,5632
5390,5736
5391,5863
5392,5973
5393,5500
5394,5551
5395,5651
5396,5834
5397,5575
5398,5608
5399,5508
5400,5457
5401,5635
5402,5934
5403,5948
5404,5886
5405,6029
5406,5680
5407,5728
5408,5754
5409,6016
5410,5656
5411,5764
5412,5514
5413,5690
5414,5883
5415,5600
5416,5764
5417,5534
5418,5805
5419,5757
5420,5803
5421,5762
5422,5733
5423,5611
5424,5459
5425,5909
5426,5552
5427,5708
5428,5645
5429,5567
5430,6028
5431,5995
5432,5545
5433,5785
5434,6127
5435,6094
5436,6243
5437,6064
5438,6275
5439,6302
5440,6252
5441,6077
5442,6275
5443,6230
5444,6161
5445,6131
5446,6157
5447,6239
5448,6298
5449,6264
5450,6246
5451,6191
5452,6098
5453,6200
5454,6145
5455,6094
5456,6108
5457,6165
5458,6059
5459,6279
5460,6241
5461,6169
5462,6143
5463,6087
5464,6053
5465,6275
5466,6131
5467,6089
5468,6114
5469,6069
5470,6272
5471,6177
5472,6168
5473,6277
5474,6158
5475,6053
5476,6291
5477,6075
5478,6063
5479,6095
5480,6260
5481,6104
5482,6225
5483,6067
5484,6080
5485,6289
5486,6171
5487,6190
5488,6230
5489,6186
5490,6182
5491,6225
5492,6305
5493,6199
5494,6172
5495,6073
5496,6273
5497,6255
5498,6192
5499,6159
5500,6159
5501,6122
5502,6152
5503,6173
5504,6155
5505,6146
5506,6251
5507,6130
5508,6214
5509,6290
5510,6200
5511,6231
5512,6280
5513,6127
5514,6076
5515,6117
5516,6229
5517,6086
5518,6170
5519,6214
5520,6169
5521,6132
5522,6283
5523,6149
5524,6146
5525,6096
5526,6155
5527,6062
5528,6117
5529,6267
5530,6248
5531,6193
5532,6273
5533,6180
5534,6153
5535,6192
5536,6180
5537,6177
5538,6307
5539,6188
5540,6204
5541,6299
5542,6160
5543,6146
5544,6097
5545,6106
5546,6084
5547,6241
5548,6293
5549,6255
5550,6238
5551,6170
5552,6249
5553,6215
5554,6253
5555,6300
5556,6303
5557,6169
5558,6147
5559,6199
5560,6106
5561,6210
5562,6166
5563,6296
5564,6226
5565,6083
5566,6095
5567,6239
5568,6259
5569,6234
5570,6060
5571,6238
5572,6082
5573,6306
5574,6065
5575,6194
5576,6077
5577,6292
5578,6188
5579,6120
5580,6206
5581,6128
5582,6284
5583,6169
5584,6098
5585,6303
5586,6081
5587,6057
5588,6268
5589,6279
5590,6263
5591,6297
5592,6268
5593,6055
5594,6209
5595,6171
5596,6197
5597,6267
5598,6084
5599,6130
5600,6149
5601,6243
5602,6128
5603,6163
5604,6184
5605,6081
5606,6206
5607,6131
5608,6213
5609,6235
5610,6242
5611,6257
5612,6105
5613,6110
5614,6132
5615,6142
5616,6144
5617,6117
5618,6195
5619,6266
5620,6093
5621,6262
5622,6214
5623,6061
5624,6247
5625,6193
5626,6148
5627,6284
5628,6074
5629,6071
5630,6153
5631,6086
5632,6130
5633,6141
5634,6109
5635,6253
5636,6192
5637,6075
5638,6272
5639,6127
5640,6138
5641,6286
5642,6228
5643,6270
5644,6272
5645,6193
5646,6261
5647,6187
5648,6136
5649,6068
5650,6139
5651,6056
5652,6110
5653,6260
5654,6158
5655,6207
5656,6083
5657,6109
5658,6250
5659,6224
5660,6109
5661,6102
5662,6269
5663,6172
5664,6220
5665,6229
5666,6093
5667,6154
5668,6129
5669,6261
5670,6090
5671,6193
5672,6170
5673,6085
5674,6113
5675,6127
5676,6116
5677,6108
5678,6286
5679,6087
5680,6111
5681,6200
5682,6145
5683,6299
5684,6097
5685,6202
5686,6199
5687,6201
5688,6187
5689,6085
5690,6192
5691,6139
5692,6065
5693,6062
5694,6242
5695,6107
5696,6164
5697,6174
5698,6093
5699,6249
5700,6224
5701,6171
5702,6295
5703,6270
5704,6227
5705,6112
5706,6183
5707,6199
5708,6233
5709,6236
5710,6261
5711,6241
5712,6183
5713,6285
5714,6053
5715,6133
5716,6060
5717,6144
5718,6107
5719,6113
5720,6097
5721,6166
5722,6242
5723,6166
5724,6107
5725,6281
5726,6185
5727,6058
5728,6121
5729,6186
5730,6058
5731,6115
5732,6297
5733,6195
5734,6164
5735,6248
5736,6246
5737,6119
5738,6125
5739,6294
5740,6255
5741,6121
5742,6074
5743,6116
5744,6290
5745,6251
5746,6079
5747,6300
5748,6088
5749,6191
5750,6083
5751,6174
5752,6184
5753,6307
5754,6183
5755,6142
5756,6305
5757,6140
5758,6181
5759,6134
5760,6280
5761,6139
5762,6256
5763,6224
5764,6102
5765,6227
5766,6160
5767,6225
5768,6148
5769,6275
5770,6063
5771,6114
5772,6171
5773,6088
5774,6253
5775,6267
5776,6170
5777,6235
5778,6108
5779,6254
5780,6160
5781,6296
5782,6078
5783,6158
5784,6285
5785,6126
5786,6283
5787,6101
5788,6230
5789,6165
5790,6062
5791,6149
5792,6176
5793,6151
5794,6083
5795,6161
5796,6240
5797,6203
5798,6290
5799,6216
5800,6301
5801,6150
5802,6258
5803,6063
5804,6087
5805,6226
5806,6182
5807,6179
5808,6076
5809,6104
5810,6254
5811,6162
5812,6174
5813,6292
5814,6135
5815,6244
5816,6223
5817,6102
5818,6161
5819,6258
5820,6176
5821,6097
5822,6174
5823,6175
5824,6177
5825,6126
5826,6221
5827,6059
5828,6143
5829,6059
5830,6223
5831,6123
5832,6178
5833,6184
5834,6274
5835,6073
5836,6238
5837,6287
5838,6182
5839,6245
5840,6273
5841,6125
5842,6068
5843,6289
5844,6154
5845,6145
5846,6136
5847,6100
5848,6177
5849,6213
5850,6084
5851,6100
5852,6217
5853,6144
5854,6219
5855,6233
5856,6194
5857,6179
5858,6128
5859,6219
5860,6217
5861,6179
5862,6196
5863,6195
5864,6164
5865,6054
5866,6085
5867,6089
5868,6278
5869,6181
5870,6179
5871,6102
5872,6156
5873,6172
5874,6243
5875,6282
5876,6262
5877,6308
5878,6202
5879,6074
5880,6195
5881,6191
5882,6061
5883,6071
5884,6084
5885,6144
5886,6210
5887,6203
5888,6229
5889,6112
5890,6131
5891,6207
5892,6103
5893,6276
5894,6099
5895,6080
5896,6250
5897,6063
5898,6256
5899,6066
5900,6235
5901,6271
5902,6227
5903,6284
5904,6274
5905,6062
5906,6137
5907,6060
5908,6079
5909,6121
5910,6080
5911,6076
5912,6271
5913,6072
5914,6198
5915,6122
5916,6235
5917,6165
5918,6142
5919,6096
5920,6113
5921,6085
5922,6267
5923,6058
5924,6196
5925,6288
5926,6154
5927,6205
5928,6139
5929,6136
5930,6237
5931,6116
5932,6053
5933,6283
5934,6284
5935,6125
5936,6181
5937,6155
5938,6154
5939,6296
5940,6232
5941,6259
5942,6251
5943,6196
5944,6126
5945,6089
5946,6249
5947,6093
5948,6070
5949,6185
5950,6129
5951,6189
5952,6162
5953,6271
5954,6161
5955,6297
5956,6247
5957,6217
5958,6248
5959,6295
5960,6186
5961,6065
5962,6116
5963,6212
5964,6104
5965,6068
5966,6216
5967,6105
5968,6226
5969,6233
5970,6218
5971,6141
5972,6252
5973,6274
5974,6176
5975,6307
5976,6092
5977,6189
5978,6167
5979,6178
5980,6239
5981,6147
5982,6253
5983,6264
5984,6106
5985,6260
5986,6304
5987,6295
5988,6114
5989,6188
5990,6143
5991,6068
5992,6073
5993,6124
5994,6182
5995,6266
5996,6259
5997,6248
5998,6106
5999,6203
6000,6159
6001,6280
6002,6091
6003,6186
6004,6303
6005,6211
6006,6298
6007,6118
6008,6188
6009,6252
6010,6096
6011,6120
6012,6296
6013,6201
6014,6180
6015,6295
6016,6208
6017,6225
6018,6061
6019,6229
6020,6149
6021,6104
6022,6088
6023,6147
6024,6162
6025,6155
6026,6242
6027,6241
6028,6109
6029,6212
6030,6165
6031,6289
6032,6099
6033,6304
6034,6136
6035,6071
6036,6088
6037,6239
6038,6191
6039,6125
6040,6075
6041,6260
6042,6283
6043,6221
6044,6213
6045,6222
6046,6164
6047,6059
6048,6265
6049,6117
6050,6070
6051,6080
6052,6120
